# sunny_Day
Hour | Soil_Moisture(%) | Humidity(%) | Temperature(°C) | Light(%)
0 14 60 22 0
1 14 58 21 0
2 13 56 20 0
3 13 55 20 0
4 13 50 21 5
5 13 45 23 18
6 14 40 26 40
7 15 35 29 60
8 16 30 32 75
9 16 28 34 85
10 15 26 36 95
11 15 24 37 95
12 14 22 38 100
13 14 23 38 98
14 14 24 37 95
15 15 26 36 88
16 16 30 34 75
17 17 35 31 55
18 18 40 29 35
19 18 48 27 20
20 18 55 25 8
21 17 60 24 2
22 16 62 23 0
23 15 64 22 0

# Humid_Cloudy
Hour | Soil_Moisture(%) | Humidity(%) | Temperature(°C) | Light(%)
0 52 92 21 0
1 52 91 20 0
2 51 90 20 0
3 51 90 19 0
4 51 88 19 4
5 50 85 20 12
6 49 82 22 28
7 48 80 24 45
8 47 79 25 55
9 46 78 26 60
10 46 78 26 62
11 46 79 27 65
12 45 80 27 68
13 45 81 27 66
14 45 82 27 64
15 46 83 26 60
16 47 85 25 52
17 48 87 24 40
18 49 89 23 30
19 50 91 22 18
20 51 91 21 8
21 51 92 20 2
22 52 93 20 0
23 52 94 20 0

# Cold_Rainy
Hour | Soil_Moisture(%) | Humidity(%) | Temperature(°C) | Light(%)
0 88 99 7 0
1 88 99 6 0
2 87 99 6 0
3 87 99 6 0
4 88 99 6 3
5 89 99 6 6
6 90 99 7 12
7 91 99 8 18
8 92 99 8 22
9 92 98 9 25
10 93 98 9 28
11 93 98 9 30
12 93 97 10 32
13 93 97 10 30
14 92 97 9 28
15 91 98 9 25
16 90 98 8 20
17 89 98 8 15
18 88 99 7 10
19 87 99 7 6
20 86 99 6 3
21 86 99 6 0
22 86 99 6 0
23 86 99 6 0